115 8111111οΝ XXXVII 716

61616 6166661666-6666 1 666116 1)166, 66661661 666, 6666666, 61 qu’on 6111666661 1666 166 16616 16 61616
6666 66 6666666 1611111 66 166 616166661, eomme pour leur ohetouiller les uureilles Or 1)166 66
aussi 1661 16616 666116 6666666 16 6666 66666111 6666 1666616 point 1666666 lo: mois il nous en·
16 66 6616616, 66166616 66 oe qui nous 661 6161116116 6661 66116

11616166661 pommus-nous dire 666 666116 Sei· 666161161166. 111 666 1616661666·6666 61661 116111

66661 6666 611 66616 oe qui nous estoit utile 16 166666 666 6666 66666116166111666666666616-
66666111 Cur il proteste qu’il nous monstrem 16 661661Ρ661. ’

ehemin de 616, 1666666661666 6666 66166 666666 Or 6616166661 66ὀ6 66 trouve point estrange
point rebelles: 16616 666 1666 d’un 666611 6666 61166661666616 661 61661 666616, 666 6116666 ss
ployons 16 16616 6661 66116 6611616 1 66 Ρ61616. 6666116 61 qu’il n'y 611 666 confusion 661 1661.
Desia 661666616 61616616 16 16 1166, 661661611 (lemme nous 666666 166 povres Popistes 661 ss
nesntmoins obseure 66 prix 16 1116666161 nous 166161661661 166161 6166, 61 1661 s’en 1661661111
66666 11 616166 6161116 66 16616 6611661166. Μ616- 6661661661 16 1)166, qu'ils s'en 16661661 66 1661
1666611666611166666666666666666616166616166 6616 16666611616 61116161. 111666166661 11 n’est
et grossiore 61 666 166 6166 111616 16 166616 66 66161 question de 16 6616616 16 Dieu: 16616 616666
666666166161 66616666166166116116666, 116661, 16 661616 6616616616, 61 1666 s'exousent sous oe titre
ne suis point 61616, 16 6’66 66161 6616 11666616. 1616666161661166. 16111 6616166 16 166616 6 6616
Cor 1)166 s’est tellement 6161666, 666 depuis 16 6166 66166111, 66111 6616166 166166 616666 6616616166·
61661 1666666 66 6166 66111 6666 661666 1666 en· 16161666 61 qn’elles n'out point 66 16 661111616,
6616666 161611161616661 661 66 Ρ616161 1666666661 666166 666 16 6616616 16 1)166 661 6666 166611,
qn’il n’y 611 66116 16611666 66 6666 61 6661161111 66116 61 apparente, qu'un ehooun devoit 61666116
61616 666 6666 6661111666 d‘estre 6661611661666661- 661 6661 16666611 16 1666 661 166 661611 missus‚ou
666 661 66 6616616. Or 6116 6666 661 16616 6616616, s’est donne 66666 61 1166666 16 16116 66 6666111666
eomme il le 61616616 661 666 Ρ1661616 Iseie: Ie 666116 66116 166. θ’6616611666666166616616
6’66 66161 66116 66 66616116, 16 6166 66161 111 66 16 1)166 6 6616 61661 66 16666116 61 66616616616166
6616 66ὀ6 166 661616, 61 6616666666 616 66161616, 6616666616661666616661666116661166661161611666,
ie m'opprooherny 16 166 61 166 16666116166 61166· 16 66 66616166111661 66616, 66111666161616616
’ 6166166 661 166 66166666661166661 666 66161. 116 6616 666166, 61 16166166 661 6666166 161, 666 666666
6616166, 661661 Ρ661 6166666666 161 66666661 111· (166666 66611 1611661 66661 6666 6 6666666. D’on·
6666116 6666 661 6166616 (6616166 11 661 111 661 16616166166666661661-111166161661166 66111611
(1616661666), 116666 1166661666 666 6666666 ou il pour nous 6666116111111166 61 1 66 6616 661616,
6’6 6666 redire: 61 66166 moyen 66661 6666 su· 16 66 point extroroguer 61 d’un 66616 61166116,
166616616161616616611616. Et 66611661 gurdone· 666661 666 666116 6666666 66661616 16 166166 6616.
6666 d'sn 16611661 6111161116 61166666116. 11166 11661 6666166 oe que 6666 66666 11616611 666611
. 661 666 1666 66 661661 666 61 1166 1116611666 6616166 S. Paul nous propone pour 16616 161616 lo 66616
11661611 eequis: 1661616616616161111661161166616 6616616 deDieu. Orneus 66 6666666 666 nous 6
661 666116 16616 61 666616166661 111 66 16616, 6661611661, 61666 666 nous 66666 16666 66661
66611166 666 16666666 16 61166166 66 6616666166611 1666 666 6666116 1161111666 61 6 66 661 6666 6661116
1611616611661166, 6666166 qu'ils 1661166116 6616111 bon: 61 666 1)166 1661166 pardessus 6666 616611
1)166, 666 66 6611 6661 66116 66616116 61 661166 16116 1661611166 666 6666 6’61166611666 66 inni-
porfoitement‚ 1661 6 6 666 1666 6661 661 66 16666- 666666 rien 6616611 66 66 6616 Ρ61616.

1661 66 161611116 1 16 661616 de 1)166, 661 16 1666- 01 661661 Ρ661 6661611 1166 1116 6166166661,
61661 61 6’6 6166661661 61 1666611616611611616- Il nous 1661 eheminer oomme 6666 1166 advises:
6616666 6616166 ils 1616661, 11 661 6611616 oombien 16616 11 6161666611166666116, 01166666 ee 666666
‘ qu'ils 11616661 166 1616166, qu’ils 66 666661 pessi 66611-1616, 61 imprudens: 1116 16 monstret qno
1166 6161666 6616166 66 66611611 1116,66661166166 1661 666 166666116, 66661 166 16161666 111661, Ῑο
qu'ils 661661 16666 66616116 666166166611111611· suis 661666616 (161116616, 16 6’66 666 6616 166666
1666 166 eieux. Ainsi pour 66616 66666 S. Ρ661 16 666616 166 lettres pour 6 profiter: ou, Io sni·
61666 116616111616 61 161611166 de 1666 6661 666· 66 66616 11161, 66 161661661 1666161666, 6611616166
66616 1116666116 661 6166616, 61666 qu’ils 666661 (6661661666. Afin 1666 666 6616 6611 1611116616Ι
1166 66666166 666116 661166616616 161)166, 66111 661661 Ρ661 6666 16666116, 66161166 666 6661661
1661 1666116616 1661 qu’il leur 661 166616. 11 661 6611661 66116 166 6166 66666, 66 666661 6661616,
6166 666 1)166 66 6666 1616 666 1666161 pardessus neontmoius que 1)166 1661611616 ieeur qni 6661111·
166 66666166166616116666666116661166116.(1616616 1661166116 666661666 66166Ρ61616. 1161666166
11666 616666666 661 666116666166611166666- (6616166 16616 6666 66666 111) qu’il n’est 666 quos·
euletions‚ qui 6661166661 6611 6661666 61666 16 1166 quoles 161616666’661666616166666161666’1

 

