113 SUR L'EPI'PRE AUX EPHESIENS. 714

1661, 661 1661 estre 6666 66166 16616616. Et celuy moire 616166116 66 1661 maison: il ost certain qne
qui cheminera eu 161111, 66 1661116616 6661616 66 Dien meudira 16616616616 661166116666, 66 66116

661661116661611666166 6666666 61666. 06166 666166161661166661666661661616616666116616-
661 66 166116 point flechir 611161116, 61 166· 16161661 1661 6166 1661, 1661 16166 61 confusion
666116,666611166 dircen 6666’66166 11161. 16111 6616 1661 6166 16111116, tellement 666 166 11666
1666 6661166 16 6666666 16 monde ne 666116 666 6611666166166166661166166166166616111611616-
estre 6666 1661166 61 6666 6166111166 conscience. Or 61666, 16116 66166 16 166616. Μ616616666616666
661661Ρ661, 6661661 66 661 661 11166 1116611616, 666166161666611116’66 61116 d’nn 11616 66611 1661
666 16 6161 16 6666666 est 16 6161616 160166 61 666666666 6661666666 666116 16116111 6’661 666
6116 c’en 66116 11666 6611661166, 6666 111666 66661 66 66616 1166616666 66166116 66116 16166, 61 661
6666 661666 66166166 66 16 1616611 16 Ι)166, 16111 6’661 qn'un ombrage 661 6’6616666111661661. Qus
comme 6666 661666 seges. ll 1661 1666 6661661- 661161616666666 1666 d’un 1616616661 661 61611
661 6666 ce mot tontes 1166166, 166166 666161166, 1’161666161)166,66166611166161166116666616
166166 6611111161 1661 166 16616166 66661 61611116 666116 Scigneur lesus Christ, 661 6 6611 adepte
66 16166661 61 ausquelles 116 66 616111661, 61 1661 6661 66116 6661666666 166 Auges, 6611 s’eu 61116
1116661161 666 1661 6616 6’661 qn’cbomination 161661 6116111 1666 6661661, 6611 6611166661 11 661, 6611
Ι)166. 066116 6666666 1666 6 6616-11 66 nous? 6611161666616616611116666661611 Si 66 1616616
06661 6666 666661611666 quelle est 161616611 16 661661666166116 161111611616116116166116116, 66
Ι)166. Vcire, 61616 6661161661 comment avone-nous contente 1’61611161166666 61616116 666111616 161116,
16666 66616166166166 16 6166161 0101666666 616611 116 66 666616 16 16616, 661661-11 666 666
1616 16116 61666 qu’en nostre simplicite nous ne 8611161611 666616611, 6611166 61166111661666111
1616161666 6616166111616 (166 moechans. Cernens 6116616161666, 1161, qn’il 1611 1661666611161161
66666 66 666 6661168616666116666 1111 666 116· 666 16616 116161 061 61 66 661661 661116 166161-
616166, 66116 666661 61616166 6616616 6166666 (661 666166666616611666616166611666616111166-
6661616666166666111661661666116616616116166· 6166166, 6661 6’66 61161 166661 6161 11616661
cheu), 61 neantmoins qn’ils 6666616161666 6616616 61611 11616 16616 (16 6161611, 6611 66 66111611166 66
661666666661. Dieu donc nc 6611661116 666 666 66 6611611666161166, 61 6616661116116666 66 be·
6666 666666 pillea 61 66616166166 166 meschone, 116116 16111661 66166 61 6611 6’611 666 66 16616666
6666166 666 6666 cheminions 66 simplicite etque 16 6616 16166661, 661116-66 666 qn'un 161661661
6666 6’66666 666166166 166 1666616 166616 6661 661 16 1661 616661161 6611 661 6166 6616666611
1661 resister: 1661611666·66666661661661 cn 1666116 01 1616666 16616166661 comparaison de l’heritage
16 666116 Ι)166, 61 11 66661666616 61616666 6611· 661 6666 661 appresto uu'ciel 61661 6666 66611
sante. Μ61666 6’661666 16611661661 666 16 6666 616161661661 ecquis: regardcue en 6666 11 661-
6661611166161661166 66 166616 61 6616666161 qu’on monte nos moechantes 61 616611166 cupidita, re·
666666 166666 161161 1616161 11 6666 1661 ccm- 6611666 oh 166 16161666 661 66 16111661 16 Ι)166
1666661 6166 1661, 6’6611 6661611 16 1616161 telle· e’abandonnent 61666116 66 6661 66116 116666 66661
61661 666116 116 666 6666 666666 666166161 16 116666161661611666616161661616616616,161661
Ι)166, 61 666666616666111666666 6666 66616661 1166 61 16 16616 1666. Α16611666, 666616666 au·
666116 condition il 6666 6 6116 66 66 616616 611 ricus 6661666 6666166616, 11 661 6611616 666 6666
666116 1611 6666 6 crees 61 16616161, 6’661 666 6611661611666 6166 estrange 666 16 11666 6666666
6666 66116616661116111666 celeste. Voile 1666 166 16161666 661 16 cheminot en 16 6161616 1601661
comme none 661666 1166661661 66666. 661 16111 66661 ch consiste tout nostre bien, 6661616

Et puis, 66161166 666 ceste doctrine semble 11661 dit 66 Ρ6666166. D'auteut plns donc 6666
661166661 6661 6616661 16 1661 6166666 66 66 1661111166 61661161 66616 doctrine, 66661 661661
616616 61 661 6661 61616666, 6666 666111 1 quoy 116 Ρ661 6666 111 666 6666 661666 166616616 comme
cont appeles: 1661 6 6666 61 6666 166611666 16 6116661 16 1661 1166, 66661 6666 66 6616161666
6166, 6666 1611666 66666 6’661 66161 6666 66666 6616116161110166. Or 6611666661 66611111,
6’11 661 1116611 6’6 6 6666666 666 16 6161616 16 6666 avons 16616166’116’6 6 66161 d’autre 161616
llice 01666 1661 166166616616616111661 6166· (comme 6666 61666 166 6666161661) 61666 16 con·
66166116616161166, 6611661 ambitionet 66116616 1616161 666116 vie 1 66 666 Ι)166 6666 6661166616.
autres trafiqnes? 116616611616 66116 6161666661 166166-6666 1666 666 Dieu nous 66616616 61 16·
1116 deDicu 616611661616661116666611616611 61 611666 6666 166 66116 6616611661 Ν6 6666 61166·
6616 116 16166611661 6661661 16 6616116 66116 661 1666 66161 1666 1616611666 61666 chacun 66 vu·
merite: 661 116 11661 166 66116661 61 666166161 61116 66161 66116 616661 661 1166 1 666 6666611,
6661 16616 661666, 66166 66116 6611661 6’66116111 66611116, 06161666661116166, 11166166116616611,
66 66116166 6166161611 et 1616661 161 666 me· 661161666116. 0611666666616661611616661111

 

