555 8111111οΝ XXV , 555

1581 5155 55185555 51 155515, 555 158 555558 5’551 01 55115 5515 S. Ρ551 551 15 511818115 5511
55855511551555515115 15555, 5518 555 15 11118 55 551 555 515558, 5151155 5555188 51551 5555155
Dieu 5 518 55 151 155155 55511558 858555158, 51 nostre Seigneur 15858 (1111181 81581 5558115 pour·

1551 555 5551 551 551 5115155 5558515551 855551 1555515 5551 15 55151558 51558, 55555 1111511511
58555151, 55555 5515555 55 551 155, 555151551555 151885 55111515 5555551 581511 155518 5151115 5551
55 15 55851185 51 qu’en lu 1511 151515, qu’on luy 158 555551555811151115555585151 1155581551
5811555115 51 511155 555 515, 81555 qu’en toute iei noter, 555111 581 55851555855581551155115,
115511115 55 1555515 85 555111551 51 55155555581551 5511 5 55 5 55 555558 155551518, 55555 (155
58115 1555 5551 (1111581155, 11 1551 55881 55118511 1155811581 551 118 5’5111 558 5815 515118 55515115 555
551551 (15 11151185. 15115 5555 55 8555555555 1585558 511 15 55 55 55555 5515 5555515511 5518
5558 51558 51515511, 55555851551 Ρ551511115555 5’5 5815 8551515551 5551 5551151 15 55511155 55
15 55185555 55 15858 Christ 55 5511 5 5 (158 Ρ15- 1111555115, 1585558 5 ue 511’511555815815155555 551
555158,511)5515518,51Ρ5815518. 1551 15 55555 (15 51 55 155158 1551558 51 5558),
Au 15815, 5 55 555 11558 8555115 5158 51851 51 5555155 555 555555 55 8’5 8511 558 5558115 55518-
11511155158, 51 555 5558 115 1551555 115115 511555115 8551. 11 55 5555 55 55815 1518511 85551515 5551·
5515551511 15 55511155 551 5558 5 5815 51585555, 51 5555 1158115 5515555115858 Christ 5 5155555 douae
58115155815518 55118 55 1585515 55 558115 85155551 55581158, 55855518 S. Paul 55815 55515151 depuis
15858 0111181, 8511151 Ρ551 55881 5558 5558115, 55555 5551 51585551 55115 158 1555118. (15 5815 55555
11558 51558 558 5558 115515518 51 555158, 51 551158 811 5581 15515 551151 55 5588588155 55 855 1155511551
551 1585555155558 55551151 15 5115515 55 85151, 5518 555518 555 1111555115 55815 51581 551551185,
5555581 55 81555 555 558115 85155551 15858 (151181 151555 15558115 5 55885. (1555555111 118 551 55 (155
115 5558 5 55151 551518855 ne 1518 55 555111 111518 5555555558 51 55151518, 551 58155551 555 555 55
5511 55118 581 5158551 51 5511 151115 5551558115 55515 551511, 5518 55 5115155 commune, 5 55 5’55-
85151. N’eetimone point 5555555 158 555558 85 555515 15 8555555 55 85151 55 51 151 51 S. Ρ551
551885111 5155551 d’eux 55855815515515555551511 158 5511155 515555118158. Comme 55881 55115515
5115 55 8551 551 5551 51511551 15858 Christ, 811 55 1115511155, 11 511, 5555111511 51115555551 1515115
155581 donne, 51555 15 851551 1185111 55 55515155 (1111555511815. 15115 done deux offiues 5515515815
85 langue. Et 55 15151 55881, 5’581 555815 55585 55515515558. -
55115815115551118511111158515515 estune 8555885 01 55551 581 (15 151555 (158Ρ155115158, 55118
551 85155515 1551 585111 1155515, 51 555 15511155 55 151558 558 555 5158 55155151155511 15115 ex·
85555515’5555515551511511,5155’11 155155511155 55115555, 55555 55 15111 55111155 5 5151555 558
11558 151515 55 551 581511 115511551 51 1155 55555 515558 5551115515111555 du 55555. Non 558555
5551 11558. (15555 5555 5558 155558 551155 11555 5555115551 11 115 85 5558115 5515511155151 55555
exposition 55 111851115158515515, 51 qu’elle 581 ep· 11581155518555155811585151. Μ515 quoy 5511511
5115555 5151155551 5 558115 58555, 55555185558 5115 8511, si 581-55 5’5111551 555 555855 8555585115
11185111 55 1)155 11558 55555 1585515555 5511 5151158 555 558 111155518 8555111 558515551 55555
158155 55 511155 55 55581 555115515551155855- 55555555555551551111555115,151155551555511
51551558 55 15551511 511 151555 51 815155115111, 51 5555 55 55555 551115 5511155. Quey 5511 5118511,
555 5558 8555111558 5115 5’581 15555555 555 558115 158 Prophetes 551 851115’5811555555 5155855515
85155551 15858 5555555 55 5558. 111 1511555111· 55151515515 5511155, 515155551555151511155555
5555 55881 1111555115 581 55555 15 1555555558 5158115515 55555555 558 5851115158, 55555155551
51551. (151 5558 5555115118 5155 5555558 55155558 558 158 115515518 55555118, 551 5155551 151555
55151 Dieu pour 558115 Roy, 51555 5558551551558 1555515551. Quunt 581 558 Ρ5815518 5551 55115
558 55881 5555151 558115 85155551 15855 (1111181 &Paul 55 8551158 Μ1518115855 15 Ρ51515 5515111
55555 11 5558 581 551555, 81555 555 5558 8555115118 5115155 5151115115 1558515551 55 55515551155. Au·
5’581155511151555 55115 555511 5511 55555555 51 1551 55 58111558 Doeteurs, 55555 5558 155558
5511 55515515, 5’581 55’55 51585115 1’1115115115,51 15155515 55 11151155. 558 55155 55 11151185 5’511-
555 5558 155 15551558 15115 5551885555, 555 8558 1155115. 1155 581 555 551 55 555158115 Ρ581551,
55511551115 55511155 5511 155555, 5155555155 551 81555 5511 5585151151 5518 5555555111 155115515518
55115155 5’51185151151 e’eequitte 5551555111, 51555 551 5115 5115155 5 5511, 5’5815515585111185111515,
158 551158 115 855551 558 81 5518 555115, Η5,15 555 5511 5 511 155815518 55555 51 851115 intelli·
m’en 55885155 515111 5518 55 55111 55 15818151 5511118 55555, 551 511 85 1155551, 51 551 55511555 55
55 Dion, 55118 acceptent 5155 15515 55511115 55 5555 11151185, 51 555 158 55158158 511558858 55151558 55
1551 511, 5185551551 5’58115 5118515555, 51 555 5555 pullulent point, 5518 555 15 155555551515155 eur
uentinuyoue en 5515 1551 15 15558 55 1158115 115, 1551. 15115 5555 555555 8511551 158 115515518.
55555 5555158 118515 15515815551515 5158551555. Dene 5558 155558 5551 551 55551 5558 551155115

 

