609 SUR L’EPI'PRE AUX EPHESIENS. 610

166 1116661661 61 616616, 6116 6611116166 1661661 6666, 661 161661 616616 profession 6 616166 166616
66 16 166611611 61 666661661 666166666166616616 d’estre Chrestiens, eomme 6116 66666611666161661
16166616 661661111 Quo 166666661666111666 bien l’Evengile: oependent il n’y 6 66116 6666666 ni
6 1661 6616, 61 666 6666 161661666 666 16616 16 61616666 66 eux. 111 616661 6 11166 666 166 exem·
81661, ou il dit 666 6666 666666 66161 66616- ples 666 1666661 66161 6616616166 61 6616111666 66
16661666 666 6661 1616666 0111611 meis 66661666 166616. Meis 66661 66 1616661616 6616666 e'il
6666 6 66666 6616 666616666, 6661661 666 66116 ne veut point 66611 1116666116, [tt quoy 16661
666 6616 6661 un 1661 666 1116666116 6666 661 0616 s'en 66 6666 666666 1111166116, 661 11 66 666616
6166616 661 1616616 16 Dion, meis 6611 61616611 666166 16 111616 16611 166166666616616666616-
666666161116616616661611666161666. mine nomme ont profite 16 6166 616666611, 66
, 01 6666 66666 6 66161 66661 S. Paul 66116 11666616 666 6166166166 6 66 611 16 6661 166
1616 16611166 161116666116, qu’il met nostre Sei· qui 6116 166 6661661 66666 666 6661 16 666116
66661 16666 0111611 nomme oi 16666611 6 6616 de· 8616666116666011161. 0116 1116 6666 6661 1166
61616 666 6666611166 6666 16666116 66 66 661616, 16666616161166 vendredi‚ et 66 1666661 16 166166
6661 16 666661666666 16 16666 011161, nomme 66661 166 superstitious 16 16 Ρ666616, 61 161116 66666
1166 66116116 6116 661616666. Ν61666 16666616, ne sont que bedineges 61 616666 11166166, 66166616
6 linque nous ne 66661666 66161 66661 6666 666· 61661 61666661661 61 66 16616616 666 6661 d’estre
11666 profiter en 16 661616 116 11166, 61666 6666 16666616, 666 6661 666 66116666, 666 6661 666
66666 166616616 66 161 6611616 auquel 116661611- 666666616 16 616, 666 6661 d'estre reformo 6
11666. Comme 6666 66 66666616666666661661661 1161666 16 11166, 66116 6616 61666611166661161661
16611161611166111616 6616616 61 66 66661661 ,16116 66 666 1616616 66111 666616 666 6661611 16 16 66111616
61661 166111 16616 6666611661 116 66 sperent 666166 1116666116, 61 qu’ils 66166666 seulement 661 166666
661 16 6616166116, 661116 66 sont point 611666666 16666166, 61 666 1616616 n’ont eu 666 61666 661-
666116 86166661 16666 Christ. D’eutent 6166 1666 616666. Et 6616 n'est point d’euiourd’huy: 661
6666 1661-11 1166 61661661 1666 666 66666666 6111 661661 Ρ661 monstro bion que 1661616666166166
66616611661616 66666661 6666 661666 666611 166 16666666 16 6666 616666661 16 6661 16 16666
11666 661 6666 661 6616 apportes per 16 Fils 16 011161, 61 666166661 66116 66116166 61666 0116611666,
11166, 66611666166 66116, 6166616666116611166616 6666166 qu’ils n'euseent 1616616 66666 6666661611
qu'il desploye envers nous, qu’elors 6666661666 16 1116 16 11166.
666 61666 intelligente de 1116666161 meis 6666 Notons bien 11666 66 661661161 1111 6616661
16666 011161 6666 n'evone rien. ⁴ Et mesmes nos oomme ei 661661 Paul 66 1661666111 666 666 666
166666 66116 plns 111611666661666116161661616 66 6611 66611 111666116661111666666661166116111
oeux qui 66 nomment Chrestiens, 61 6666616111 66 meis 666616 6661 texer plus 6161661661 oeux qui
6666661 6 6661 661661 66 66661, eomme on dit. felsifioyent 6166116 nom 1616666 Christ, 661616-
Comme voille les Pepistes 661 11666666611666616 666661 mesohemment de 1116666116 61 66 161666661
61 d'eutre 61 n'ont nulle oertitude, meis sont oomme 66666666116161616616161661166. S. Paul dono
roseeux 6166666 6 1666 66616. Et pourquoy? 11 1616661 semblent oomme 16 66161661, 066 (dit-il),
n'y 6 nulle 16161616 qu’eu nostre Seigneur Iesus meisque 6666 16666 6661166. Comme s'il 116611,
0111611 61 6661 1661616661 66616 16 -oe qu’ile ne Ie 66116 161111616661661 6 1666 oeux qui 661661
l’ont point 661616. 061 66611166 qu'ils 6666166611116- 666 16 16611166 6616 16 111661 mnis d’eutent quo
sent en 16616 1166616611666, 611661-116616116666 16666666 1116166161616 6161166616 66 661 1661
1666666166111 666 66 qu'ilsont 16611 61 16166611 661 111, 61 6161111661 seulement ie ne sqey quel .
1661 16616 n’est rien. Et niuei (6616166 166 16616 616666, 66116 66616666 116 n’ont 1661616 un bon
touohsss 66666166666 666 Iesus Christ 661 16 161 eu· 1661616661 6661 166111 deseos: 1161, 116 6661 66116
6661 166 16 Ρ616 6666 6666116, 61 6611661661 166166 16 166. Meis 6616111116 166111616 6661616661
66161666 11666 666666 116116116 161116 en quelque ie 66 6666 comment? Les 66116 61666 616166, 66
16666 666 66 soit: meis que 6666 666166166616 1661 semble. 11166611661 6161666 (dit-il) 666 vous
1661 66 666 nous 66666. 161166661666616166161 66 166166 66161666616166161166 66166, 666166116
661661 Ρ661 66 11661616616611611161611166 ex· eonveinoue 16 16666616 166661 11166 61 ses Auges:
horte 61 edmonneste oeux 66166166616666 011161, 666 16 6616 16 16666 011161 661 1611 66116 66616,
616616616666616666 16 166 66116 16611166 16 666 66 6611 66161 61661 6116 6666161 6166661 616666
16666116. 66 6661616 d’estre Chrestien, qus 6666111661 vous
Au reste, il met, st 66116 16666 bien 666116, 66 66661166 6661666 16666 011161 noue 6 6616
raon que 16 serto 661 en 1161116 86161661 Iesus 16666 16 11166 66111616, 61 oomme nous sommes
011161. 01 6661 661 notemment exprime, pouroe luite 66111616666 16 166, 61 666116 661 666116 re-
6611 6 6 16666666 16 6666 6616666 66 16616611- 161661166, 6616111661 6666 166666 16611 161666666

Calvisi 66616. Vol. H ¹ 119

 

